No._material_props:    3
    Young's_modulus:   10.
    Poissons_ratio:  0.25
    Density: 1.
No._coords_per_node:   2
No._DOF_per_node:      2
No._nodes:             42
Nodal_coords:
    0.0   0.0
    1   0.0
    2   0.0
    3   0.0
    4   0.0
    5   0.0
    6   0.0
    7   0.0
    8   0.0
    9   0.0
    10   0.0
    11   0.0
    12   0.0
    13   0.0
    14   0.0
    15   0.0
    16   0.0
    17   0.0
    18   0.0
    19   0.0
    20   0.0  
    0.0   1.0
    1   1.0
    2   1.0
    3   1.0
    4   1.0
    5   1.0
    6   1.0
    7   1.0
    8   1.0
    9   1.0
    10   1.0
    11   1.0
    12   1.0
    13   1.0
    14   1.0
    15   1.0
    16   1.0
    17   1.0
    18   1.0
    19   1.0
    20   1.0  
No._elements:                       20
Max_no._nodes_on_any_one_element:   4
element_identifier; no._nodes_on_element; connectivity:
    3   4   1 2 23 22
    3   4   2 3 24 23
    3   4   3 4 25 24
    3   4   4 5 26 25
    3   4   5 6 27 26
    3   4   6 7 28 27
    3   4   7 8 29 28
    3   4   8 9 30 29
    3   4   9 10 31 30
    3   4   10 11 32 31
    3   4   11 12 33 32
    3   4   12 13 34 33
    3   4   13 14 35 34
    3   4   14 15 36 35
    3   4   15 16 37 36
    3   4   16 17 38 37
    3   4   17 18 39 38
    3   4   18 19 40 39
    3   4   19 20 41 40
    3   4   20 21 42 41
No._nodes_with_prescribed_DOFs:  42 
Node_#, DOF#, Value:
    1   2  0.0
    2   2  0.0
    3   2  0.0
    4   2  0.0
    5   2  0.0
    6   2  0.0
    7   2  0.0
    8   2  0.0
    9   2  0.0
    10   2  0.0
    11   2  0.0
    12   2  0.0
    13   2  0.0
    14   2  0.0
    15   2  0.0
    16   2  0.0
    17   2  0.0
    18   2  0.0
    19   2  0.0
    20   2  0.0
    21   2  0.0
    22   2  0.0
    23   2  0.0
    24   2  0.0
    25   2  0.0
    26   2  0.0
    27   2  0.0
    28   2  0.0
    29   2  0.0
    30   2  0.0
    31   2  0.0
    32   2  0.0
    33   2  0.0
    34   2  0.0
    35   2  0.0
    36   2  0.0
    37   2  0.0
    38   2  0.0
    39   2  0.0
    40   2  0.0
    41   2  0.0
    42   2  0.0 
No._elements_with_prescribed_loads: 1
Element_#, Face_#, Traction_components
1 4 1.0 0.0
