No._material_props:      2
    Youngs_modulus:       10000.
    Poissons_ratio:      0.3
No._coords_per_node:   3
No._DOF_per_node:      3
No._nodes:            165
Nodal_coords:
               -1.           -1.           30.
               -1.          -0.5           30.
               -1.            0.           30.
               -1.           0.5           30.
               -1.            1.           30.
               -1.           -1.           27.
               -1.          -0.5           27.
               -1.            0.           27.
               -1.           0.5           27.
               -1.            1.           27.
               -1.           -1.           24.
               -1.          -0.5           24.
               -1.            0.           24.
               -1.           0.5           24.
               -1.            1.           24.
               -1.           -1.           21.
               -1.          -0.5           21.
               -1.            0.           21.
               -1.           0.5           21.
               -1.            1.           21.
               -1.           -1.           18.
               -1.          -0.5           18.
               -1.            0.           18.
               -1.           0.5           18.
               -1.            1.           18.
               -1.           -1.           15.
               -1.          -0.5           15.
               -1.            0.           15.
               -1.           0.5           15.
               -1.            1.           15.
               -1.           -1.           12.
               -1.          -0.5           12.
               -1.            0.           12.
               -1.           0.5           12.
               -1.            1.           12.
               -1.           -1.            9.
               -1.          -0.5            9.
               -1.            0.            9.
              -1.           0.5            9.
               -1.            1.            9.
               -1.           -1.            6.
               -1.          -0.5            6.
               -1.            0.            6.
               -1.           0.5            6.
               -1.            1.            6.
               -1.           -1.            3.
               -1.          -0.5            3.
               -1.            0.            3.
              -1.           0.5            3.
               -1.            1.            3.
               -1.           -1.            0.
               -1.          -0.5            0.
               -1.            0.            0.
               -1.           0.5            0.
               -1.            1.            0.
                0.           -1.           30.
                0.          -0.5           30.
                0.            0.           30.
                0.           0.5           30.
                0.            1.           30.
                0.           -1.           27.
                0.          -0.5           27.
                0.            0.           27.
               0.           0.5           27.
                0.            1.           27.
                0.           -1.           24.
                0.          -0.5           24.
                0.            0.           24.
                0.           0.5           24.
                0.            1.           24.
                0.           -1.           21.
                0.          -0.5           21.
                0.            0.           21.
                0.           0.5           21.
                0.            1.           21.
                0.           -1.           18.
                0.          -0.5           18.
                0.            0.           18.
                0.           0.5           18.
                0.            1.           18.
                0.           -1.           15.
               0.          -0.5           15.
                0.            0.           15.
                0.           0.5           15.
                0.            1.           15.
                0.           -1.           12.
                0.          -0.5           12.
                0.            0.           12.
                0.           0.5           12.
                0.            1.           12.
                0.           -1.            9.
                0.          -0.5            9.
                0.            0.            9.
                0.           0.5            9.
                0.            1.            9.
                0.           -1.            6.
                0.          -0.5            6.
                0.            0.            6.
                0.           0.5            6.
               0.            1.            6.
               0.           -1.            3.
               0.          -0.5            3.
               0.            0.            3.
               0.           0.5            3.
               0.            1.            3.
               0.           -1.            0.
               0.          -0.5            0.
               0.            0.            0.
               0.           0.5            0.
               0.            1.            0.
               1.           -1.           30.
               1.          -0.5           30.
               1.            0.           30.
               1.           0.5           30.
               1.            1.           30.
               1.           -1.           27.
               1.          -0.5           27.
               1.            0.           27.
               1.           0.5           27.
               1.            1.           27.
               1.           -1.           24.
               1.          -0.5           24.
               1.            0.           24.
              1.           0.5           24.
               1.            1.           24.
               1.           -1.           21.
               1.          -0.5           21.
               1.            0.           21.
               1.           0.5           21.
               1.            1.           21.
               1.           -1.           18.
               1.          -0.5           18.
               1.            0.           18.
               1.           0.5           18.
               1.            1.           18.
               1.           -1.           15.
              1.          -0.5           15.
               1.            0.           15.
               1.           0.5           15.
               1.            1.           15.
               1.           -1.           12.
               1.          -0.5           12.
               1.            0.           12.
              1.           0.5           12.
               1.            1.           12.
               1.           -1.            9.
               1.          -0.5            9.
               1.            0.            9.
               1.           0.5            9.
               1.            1.            9.
               1.           -1.            6.
               1.          -0.5            6.
               1.            0.            6.
               1.           0.5            6.
              1.            1.            6.
               1.           -1.            3.
               1.          -0.5            3.
               1.            0.            3.
               1.           0.5            3.
               1.            1.            3.
               1.           -1.            0.
               1.          -0.5            0.
               1.            0.            0.
               1.           0.5            0.
               1.            1.            0.
No._elements:                       80
Max_no._nodes_on_any_one_element:   4
element_identifier(<10=standard;>10=incompatible); no._nodes_on_element; connectivity:
14  8  56  57  62  61  1  2  7  6
14  8  57  58  63  62  2  3  8  7
14  8  58  59  64  63  3  4  9  8
14  8  59  60  65  64  4  5  10  9
14  8  61  62  67  66  6  7  12  11
14  8  62  63  68  67  7  8  13  12
14  8  63  64  69  68  8  9  14  13
14  8  64  65  70  69  9  10  15  14
14  8  66  67  72  71  11  12  17  16
14  8  67  68  73  72  12  13  18  17
14  8  68  69  74  73  13  14  19  18
14  8  69  70  75  74  14  15  20  19
14  8  71  72  77  76  16  17  22  21
14  8  72  73  78  77  17  18  23  22
14  8  73  74  79  78  18  19  24  23
14  8  74  75  80  79  19  20  25  24
14  8  76  77  82  81  21  22  27  26
14  8  77  78  83  82  22  23  28  27
14  8  78  79  84  83  23  24  29  28
14  8  79  80  85  84  24  25  30  29
14  8  81  82  87  86  26  27  32  31
14  8  82  83  88  87  27  28  33  32
14  8  83  84  89  88  28  29  34  33
14  8  84  85  90  89  29  30  35  34
14  8  86  87  92  91  31  32  37  36
14  8  87  88  93  92  32  33  38  37
14  8  88  89  94  93  33  34  39  38
14  8  89  90  95  94  34  35  40  39
14  8  91  92  97  96  36  37  42  41
14  8  92  93  98  97  37  38  43  42
14  8  93  94  99  98  38  39  44  43
14  8  94  95  100  99  39  40  45  44
14  8  96  97  102  101  41  42  47  46
14  8  97  98  103  102  42  43  48  47
14  8  98  99  104  103  43  44  49  48
14  8  99  100  105  104  44  45  50  49
14  8  101  102  107  106  46  47  52  51
14  8  102  103  108  107  47  48  53  52
14  8  103  104  109  108  48  49  54  53
14  8  104  105  110  109  49  50  55  54
14  8  111  112  117  116  56  57  62  61
14  8  112  113  118  117  57  58  63  62
14  8  113  114  119  118  58  59  64  63
14  8  114  115  120  119  59  60  65  64
14  8  116  117  122  121  61  62  67  66
14  8  117  118  123  122  62  63  68  67
14  8  118  119  124  123  63  64  69  68
14  8  119  120  125  124  64  65  70  69
14  8  121  122  127  126  66  67  72  71
14  8  122  123  128  127  67  68  73  72
14  8  123  124  129  128  68  69  74  73
14  8  124  125  130  129  69  70  75  74
14  8  126  127  132  131  71  72  77  76
14  8  127  128  133  132  72  73  78  77
14  8  128  129  134  133  73  74  79  78
14  8  129  130  135  134  74  75  80  79
14  8  131  132  137  136  76  77  82  81
14  8  132  133  138  137  77  78  83  82
14  8  133  134  139  138  78  79  84  83
14  8  134  135  140  139  79  80  85  84
14  8  136  137  142  141  81  82  87  86
14  8  137  138  143  142  82  83  88  87
14  8  138  139  144  143  83  84  89  88
14  8  139  140  145  144  84  85  90  89
14  8  141  142  147  146  86  87  92  91
14  8  142  143  148  147  87  88  93  92
14  8  143  144  149  148  88  89  94  93
14  8  144  145  150  149  89  90  95  94
14  8  146  147  152  151  91  92  97  96
14  8  147  148  153  152  92  93  98  97
14  8  148  149  154  153  93  94  99  98
14  8  149  150  155  154  94  95  100  99
14  8  151  152  157  156  96  97  102  101
14  8  152  153  158  157  97  98  103  102
14  8  153  154  159  158  98  99  104  103
14  8  154  155  160  159  99  100  105  104
14  8  156  157  162  161  101  102  107  106
14  8  157  158  163  162  102  103  108  107
14  8  158  159  164  163  103  104  109  108
14  8  159  160  165  164  104  105  110  109
No._nodes_with_prescribed_DOFs:  45
Node_#  DOF#  Value:
   51  1  0.0
   51  2  0.0
   51  3  0.0
   52  1  0.0
   52  2  0.0
   52  3  0.0
   53  1  0.0
   53  2  0.0
   53  3  0.0
   54  1  0.0
   54  2  0.0
   54  3  0.0
   55  1  0.0
   55  2  0.0
   55  3  0.0
  106  1  0.0
  106  2  0.0
  106  3  0.0
  107  1  0.0
  107  2  0.0
  107  3  0.0
  108  1  0.0
  108  2  0.0
  108  3  0.0
  109  1  0.0
  109  2  0.0
  109  3  0.0
  110  1  0.0
  110  2  0.0
  110  3  0.0
  161  1  0.0
  161  2  0.0
  161  3  0.0
  162  1  0.0
  162  2  0.0
  162  3  0.0
  163  1  0.0
  163  2  0.0
  163  3  0.0
  164  1  0.0
  164  2  0.0
  164  3  0.0
  165  1  0.0
  165  2  0.0
  165  3  0.0
No._elements_with_prescribed_loads: 8
Element_#  Face_#  Traction_components
  1   3  0.0  -2.0  0.0
  2   3  0.0  -2.0  0.0
  3  3  0.0  -2.0  0.0
  4  3  0.0  -2.0  0.0
  41 3  0.0  -2.0  0.0
  42 3  0.0  -2.0  0.0
  43 3  0.0  -2.0  0.0
  44 3  0.0  -2.0  0.0