No._beams:             1
Beam_1
No._nodes:             31
Nodal_coords:
    0.0   0.0   0.0
    0.0   1.0   0.0
    0.0   2.0   0.0
    0.0   3.0   0.0
    0.0   4.0   0.0
    0.0   5.0   0.0
    0.0   6.0   0.0
    0.0   7.0   0.0
    0.0   8.0   0.0
    0.0   9.0   0.0
    0.0  10.0   0.0
    1.0   10.0   0.0
    2.0   10.0   0.0
    3.0   10.0   0.0
    4.0   10.0   0.0
    5.0   10.0   0.0
    6.0   10.0   0.0
    7.0   10.0   0.0
    8.0   10.0   0.0
    9.0   10.0   0.0
    10.0  10.0   0.0
    10.0   9.0   0.0
    10.0   8.0   0.0
    10.0   7.0   0.0
    10.0   6.0   0.0
    10.0   5.0   0.0
    10.0   4.0   0.0
    10.0   3.0   0.0
    10.0   2.0   0.0
    10.0   1.0   0.0
    10.0   0.0   0.0    
No._elements:                    30
Element_connectivity:
    1 2
    2 3
    3 4
    4 5
    5 6
    6 7
    7 8
    8 9
    9 10
    10 11
    11 12
    12 13
    13 14
    14 15
    15 16
    16 17
    17 18
    18 19
    19 20
    20 21
    21 22
    22 23
    23 24
    24 25
    25 26
    26 27
    27 28
    28 29
    29 30
    30 31
Material_Props(E_mu):   210e09 80e09
e1_direction: 0 0 1
Inertias(I11,I12,I22,I33)_in_local_e_i_basis: 1.86e-04 0 6e-06 1.92e-04
Area: 0.0081
No._nodes_with_prescribed_DOFs:  7
Node_#, DOF#, Value:
   1 1 0.0
   1 2 0.0
   1 3 0.0
   1 4 0.0
   31 1 0.0
   31 2 0.0
   31 3 0.0
No._nodes_with_prescribed_loads: 1
Node_#,  Force_and_moment_components
  16 0.0 -100.e03 0.0 0.0 0.0 0.0

