No._material_props:    3
    Young's_modulus:   10.
    Poissons_ratio:  0.25
    Density: 1.
No._coords_per_node:   2
No._DOF_per_node:      2
No._nodes:             103
Nodal_coords:
    0.0   0.0
    0.5 0.0
    1   0.0
    1.5 0.0
    2   0.0
    2.5 0.0
    3   0.0
    3.5 0.0
    4   0.0
    4.5 0.0
    5   0.0
    5.5 0.0
    6   0.0
    6.5 0.0
    7   0.0
    7.5 0.0
    8   0.0
    8.5 0.0
    9   0.0
    9.5 0.0
    10   0.0
    10.5 0.0
    11   0.0
    11.5 0.0
    12   0.0
    12.5 0.0
    13   0.0
    13.5 0.0
    14   0.0
    14.5 0.0
    15   0.0
    15.5 0.0
    16   0.0
    16.5 0.0
    17   0.0
    17.5 0.0
    18   0.0
    18.5 0.0
    19   0.0
    19.5 0.0
    20   0.0 
    0.0   0.5
    1   0.5
    2   0.5
    3   0.5
    4   0.5
    5   0.5
    6   0.5
    7   0.5
    8   0.5
    9   0.5
    10   0.5
    11   0.5
    12   0.5
    13   0.5
    14   0.5
    15   0.5
    16   0.5
    17   0.5
    18   0.5
    19   0.5
    20   0.5  
    0.0   1.0
    0.5 1.0
    1   1.0
    1.5 1.0
    2   1.0
    2.5 1.0
    3   1.0
    3.5 1.0
    4   1.0
    4.5 1.0
    5   1.0
    5.5 1.0
    6   1.0
    6.5 1.0
    7   1.0
    7.5 1.0
    8   1.0
    8.5 1.0
    9   1.0
    9.5 1.0
    10  1.0
    10.5 1.0
    11   1.0
    11.5 1.0
    12   1.0
    12.5 1.0
    13   1.0
    13.5 1.0
    14   1.0
    14.5 1.0
    15   1.0
    15.5 1.0
    16   1.0
    16.5 1.0
    17   1.0
    17.5 1.0
    18   1.0
    18.5 1.0
    19   1.0
    19.5 1.0
    20   1.0  
No._elements:                       20
Max_no._nodes_on_any_one_element:   8
element_identifier; no._nodes_on_element; connectivity:
    1   8   1 3 65 63 2 43 64 42
    1   8   3 5 67 65 4 44 66 43
    1   8   5 7 69 67 6 45 68 44
    1   8   7 9 71 69 8 46 70 45
    1   8   9 11 73 71 10 47 72 46
    1   8  11 13 75 73 12 48 74 47
    1   8  13 15 77 75 14 49 76 48
    1   8  15 17 79 77 16 50 78 49
    1   8  17 19 81 79 18 51 80 50
    1   8  19 21 83 81 20 52 82 51
    1   8  21 23 85 83 22 53 84 52
    1   8  23 25 87 85 24 54 86 53
    1   8  25 27 89 87 26 55 88 54
    1   8  27 29 91 89 28 56 90 55
    1   8  29 31 93 91 30 57 92 56
    1   8  31 33 95 93 32 58 94 57
    1   8  33 35 97 95 34 59 96 58
    1   8  35 37 99 97 36 60 98 59
    1   8  37 39 101 99 38 61 100 60
    1   8  39 41 103 101 40 62 102 61
No._nodes_with_prescribed_DOFs:  82 
Node_#, DOF#, Value:
    1   2  0.0
    2   2  0.0
    3   2  0.0
    4   2  0.0
    5   2  0.0
    6   2  0.0
    7   2  0.0
    8   2  0.0
    9   2  0.0
    10   2  0.0
    11   2  0.0
    12   2  0.0
    13   2  0.0
    14   2  0.0
    15   2  0.0
    16   2  0.0
    17   2  0.0
    18   2  0.0
    19   2  0.0
    20   2  0.0
    21   2  0.0
    22   2  0.0
    23   2  0.0
    24   2  0.0
    25   2  0.0
    26   2  0.0
    27   2  0.0
    28   2  0.0
    29   2  0.0
    30   2  0.0
    31   2  0.0
    32   2  0.0
    33   2  0.0
    34   2  0.0
    35   2  0.0
    36   2  0.0
    37   2  0.0
    38   2  0.0
    39   2  0.0
    40   2  0.0
    41   2  0.0
    63   2  0.0
    64   2  0.0
    65   2  0.0
    66   2  0.0
    67   2  0.0
    68   2  0.0
    69   2  0.0
    70   2  0.0
    71   2  0.0
    72   2  0.0
    73   2  0.0
    74   2  0.0
    75   2  0.0
    76   2  0.0
    77   2  0.0
    78   2  0.0
    79   2  0.0
    80   2  0.0
    81   2  0.0
    82   2  0.0
    83   2  0.0
    84   2  0.0
    85   2  0.0
    86   2  0.0
    87   2  0.0
    88   2  0.0
    89   2  0.0
    90   2  0.0
    91   2  0.0
    92   2  0.0
    93   2  0.0
    94   2  0.0
    95   2  0.0
    96   2  0.0
    97   2  0.0
    98   2  0.0
    99   2  0.0
    100   2  0.0
    101   2  0.0
    102   2  0.0
    103   2  0.0
No._elements_with_prescribed_loads: 1
Element_#, Face_#, Traction_components
1 4 1.0 0.0
